1:9,5,6,9,9,7,9,5,8,7,2,7,3,9,5,7,9,1,5,5,3,3,6,9,9,6,8,3,9,2
2:3,3,1,1,9,6,6,7,6,8,7,1,1,9,6,1,6,8,6,6,7,1,7,4,6,5,5,6,2,7
3:6,4,7,3,4,2,4,9,4,1,9,1,6,5,6,7,1,2,6,6,2,1,3,1,7,1,7,7,2,8
4:1,6,2,9,3,6,7,1,9,4,6,9,1,4,3,7,4,9,1,9,6,1,4,7,8,7,2,8,1,7
5:1,5,3,7,8,5,2,6,1,9,2,6,3,6,6,1,7,9,5,9,3,7,4,3,3,4,5,3,8,5
6:2,7,4,9,1,7,1,4,8,1,2,5,4,8,7,7,2,1,6,2,4,7,8,4,9,9,3,8,1,8
7:4,3,9,8,1,6,1,4,6,5,3,8,9,2,6,7,2,6,5,5,6,2,6,2,4,9,6,8,7,8
8:5,5,5,3,4,6,1,9,5,4,4,8,3,2,4,7,6,8,7,7,4,6,9,3,8,3,4,3,2,6
9:2,8,1,3,6,2,4,9,8,9,9,2,8,6,4,1,7,2,7,4,6,4,4,4,8,2,3,6,7,9
10:7,9,3,8,2,6,1,2,7,5,8,5,7,1,6,3,2,6,6,7,9,1,9,2,5,2,2,2,6,2
11:3,1,2,5,1,8,3,1,5,8,9,3,3,4,5,5,2,1,8,2,8,3,4,3,7,3,8,5,5,1
12:8,6,7,2,6,3,7,5,5,6,1,5,4,7,5,3,2,2,6,3,7,6,9,9,7,7,3,3,8,6
13:8,9,5,2,2,5,1,3,1,2,2,4,7,2,5,6,3,1,7,2,4,4,5,8,3,4,6,9,5,1
14:4,3,1,7,4,9,3,7,2,5,3,8,4,7,7,7,6,6,4,3,2,2,9,1,1,4,8,3,6,5
15:1,2,8,8,3,7,9,4,6,7,5,5,3,6,9,3,3,6,9,2,5,1,2,6,3,4,4,8,5,9
16:8,6,4,4,6,2,1,8,5,5,1,2,6,9,6,9,5,8,9,6,8,1,1,4,6,2,6,3,1,4
17:2,7,4,5,4,9,1,3,4,9,6,7,1,2,5,1,7,9,7,6,8,7,7,5,8,7,5,3,1,4
18:8,4,6,8,9,1,1,7,3,7,3,2,2,8,8,6,8,7,5,6,8,1,3,1,5,3,6,8,8,6
19:6,1,3,9,2,4,9,4,1,9,6,5,7,1,7,2,6,6,8,5,1,6,5,4,4,4,8,1,1,7
20:8,7,9,1,1,8,5,9,5,8,9,2,6,3,5,3,4,3,8,4,8,5,8,5,4,5,8,5,3,7
21:4,7,3,6,1,7,4,2,7,2,2,8,3,3,7,5,7,6,9,9,4,7,3,2,1,1,9,5,5,3
22:4,9,9,9,9,9,5,3,3,6,4,4,2,2,9,9,7,8,6,9,4,4,3,2,8,4,7,1,6,1
23:4,1,6,5,8,2,9,3,2,6,3,2,7,9,8,6,7,1,2,1,1,6,4,3,6,4,8,6,6,1
24:2,6,4,2,2,3,5,2,2,6,7,1,3,2,5,8,1,8,1,6,9,7,3,4,5,6,6,3,8,2
25:3,1,9,6,1,7,5,3,1,5,6,4,5,1,4,4,7,6,1,8,6,6,3,4,1,7,3,9,6,3
26:3,2,3,1,7,3,1,7,9,8,5,1,7,3,4,9,3,5,6,4,5,4,3,6,3,2,6,2,1,2
27:8,5,6,4,3,5,2,3,6,4,3,5,4,6,1,1,7,5,7,8,6,4,9,3,2,4,9,1,9,6
28:2,7,6,2,1,5,8,4,6,1,1,5,3,3,4,6,1,5,8,6,1,6,9,4,5,4,6,9,1,7
29:1,6,3,8,4,8,2,5,7,3,3,8,2,1,6,3,5,4,7,3,9,7,3,6,9,1,9,1,6,4
30:7,2,9,9,8,8,4,5,2,4,5,3,3,3,8,8,5,7,5,9,7,8,3,6,4,9,9,1,7,8
31:6,4,2,4,2,3,2,1,6,4,9,7,9,9,1,5,7,3,3,7,6,8,5,3,8,9,6,9,3,5
32:7,2,7,8,4,2,2,3,2,9,3,9,6,6,3,5,9,5,1,6,5,6,6,5,5,6,2,7,6,7
33:1,1,8,6,1,5,3,2,2,9,3,4,8,7,7,4,4,9,4,3,1,9,8,3,1,7,9,6,2,7
34:1,2,4,2,6,6,6,5,5,9,2,9,4,9,9,5,6,6,3,5,5,8,9,9,2,4,7,2,1,5
35:3,1,7,5,4,8,3,5,9,2,7,8,8,5,8,6,3,6,6,4,8,3,1,1,5,4,6,3,3,7
36:7,7,3,8,2,6,5,5,5,2,4,5,4,2,4,3,7,9,8,4,7,6,8,5,1,4,9,3,4,5
37:1,3,3,7,1,1,1,5,2,4,7,9,4,4,9,5,2,8,1,3,1,7,2,1,4,8,3,2,9,7
38:8,3,6,7,4,8,1,8,4,6,5,2,5,5,2,2,9,7,9,6,5,3,5,7,2,9,6,1,6,9
39:2,5,6,6,5,7,8,1,8,5,5,1,3,5,5,1,9,1,1,1,4,8,8,2,7,9,4,6,1,4
40:6,9,5,8,2,9,4,5,3,2,9,4,6,5,9,6,1,6,2,7,5,1,1,5,4,7,2,3,3,7
41:7,2,6,4,7,6,9,7,3,7,7,8,5,2,4,1,1,3,9,2,6,6,5,9,6,8,9,1,5,9
42:8,7,3,8,3,3,3,2,5,9,8,9,1,7,6,8,7,6,5,9,1,5,3,5,5,6,2,4,3,6
43:5,5,8,2,5,8,9,3,7,3,5,5,5,4,4,9,6,8,6,8,7,9,7,2,1,3,8,5,2,3
44:7,5,2,6,3,2,7,9,8,2,7,8,4,9,1,8,4,9,1,2,8,7,5,7,1,9,1,7,3,4
45:3,2,6,2,4,9,9,7,7,6,1,7,7,7,8,6,2,6,5,5,3,7,8,2,6,6,7,7,7,8
46:9,8,9,8,4,5,1,4,8,6,1,9,7,6,8,9,9,6,5,4,3,5,3,3,8,9,5,1,4,8
47:1,6,1,4,1,4,6,1,7,8,7,2,9,6,6,5,6,1,2,4,2,2,6,3,1,3,2,7,3,2
48:3,2,5,8,9,6,6,7,1,5,6,9,1,2,5,5,2,3,4,4,1,4,1,6,7,2,3,8,1,2
49:6,2,8,9,6,3,6,7,7,4,2,1,7,7,6,4,1,8,2,7,1,9,3,6,2,1,4,7,6,7
50:3,6,3,7,5,1,6,7,9,3,7,9,2,6,2,9,8,2,3,3,5,4,4,5,7,3,9,3,2,7
51:5,7,8,8,3,2,4,3,1,7,4,4,9,6,3,1,4,7,3,1,5,1,6,9,4,2,9,3,8,2
52:1,7,4,2,6,5,1,2,5,2,6,9,7,9,4,4,8,8,3,4,1,8,7,3,3,9,4,9,1,5
53:6,6,4,3,1,1,5,7,5,5,7,3,3,3,3,2,6,4,8,1,8,7,8,1,1,2,8,7,2,1
54:3,7,6,8,6,9,2,4,7,3,8,7,3,9,2,4,1,8,8,6,1,5,9,9,5,1,4,1,4,5
55:4,1,2,9,9,9,8,8,1,7,1,3,1,2,4,5,5,5,1,3,9,4,8,3,6,8,1,3,9,4
56:1,1,8,5,9,4,6,8,1,3,6,9,5,6,3,3,7,8,8,3,8,7,3,3,9,6,4,6,5,9
57:3,2,8,8,1,5,4,8,3,4,5,2,9,2,8,3,5,9,2,4,6,1,5,5,1,1,1,8,5,7
58:2,1,3,9,7,8,3,1,6,7,5,2,9,6,4,7,8,6,1,5,5,9,6,9,6,5,5,9,2,4
59:1,5,1,5,2,3,4,7,4,9,4,2,7,1,9,5,1,9,8,8,8,8,2,3,8,6,2,2,7,6
60:6,9,6,5,7,6,7,8,9,4,8,1,5,5,1,4,2,3,3,1,1,4,4,6,7,6,4,3,7,9
61:8,9,4,2,5,3,8,1,7,8,4,8,8,9,1,8,4,4,7,1,8,9,5,4,3,8,6,2,2,4
62:8,3,2,7,8,4,4,4,9,4,9,4,4,7,2,4,3,6,5,4,5,2,9,7,8,8,5,8,7,1
63:1,1,8,9,6,7,9,8,8,3,1,5,2,6,9,9,5,8,8,5,1,9,8,4,3,6,7,4,4,8
64:8,4,9,8,5,4,8,3,8,5,7,6,1,1,9,4,5,3,4,3,9,8,6,3,7,9,4,8,8,6
65:9,6,8,4,3,9,6,3,2,7,8,4,6,8,1,6,2,9,3,7,5,4,3,3,1,6,8,8,9,3
66:2,1,5,4,7,5,9,3,5,5,6,8,6,7,4,1,3,3,3,8,1,7,2,2,1,8,3,2,2,8
67:1,7,1,3,6,2,9,7,3,1,8,9,4,2,6,3,6,8,7,2,7,4,2,7,2,7,1,4,5,7
68:1,9,5,2,7,3,4,4,7,6,7,6,4,1,6,5,9,2,3,1,8,1,8,3,6,1,8,9,5,9
69:4,1,5,1,1,3,2,7,8,8,2,8,4,2,9,5,7,4,5,8,8,7,5,3,9,3,9,2,3,3
70:5,6,1,1,5,7,8,5,3,4,7,9,5,3,5,7,3,8,8,7,4,8,6,8,9,7,5,8,9,6
71:6,8,2,7,1,6,6,1,3,9,3,7,9,3,6,1,8,7,8,7,9,6,3,2,8,2,5,2,1,8
72:5,9,1,8,6,3,3,3,5,6,9,4,7,5,5,2,4,7,1,6,5,8,9,5,3,2,5,2,7,9
73:1,8,4,1,8,1,4,1,5,1,6,5,2,6,3,5,1,4,8,8,7,1,8,7,1,4,1,3,8,7
74:4,2,7,8,6,4,7,8,4,6,3,1,4,2,5,6,2,2,3,9,7,8,9,6,4,1,2,9,8,7
75:7,6,7,2,6,3,3,1,3,1,8,1,4,7,3,9,6,3,5,8,5,4,2,7,1,5,6,1,6,1
76:3,2,9,9,7,7,7,9,4,7,3,8,6,7,7,1,9,7,7,3,7,2,6,2,1,1,1,4,2,2
77:2,6,7,3,7,6,3,3,4,2,8,8,2,9,5,5,7,4,7,3,1,6,3,3,6,8,8,7,9,5
78:4,2,1,1,7,6,7,1,9,5,1,6,7,6,1,5,9,9,2,3,2,4,9,6,1,9,2,7,8,9
79:2,7,5,9,5,5,8,8,9,2,9,5,8,2,4,8,7,7,2,2,4,5,2,8,5,4,4,8,8,8
80:6,3,8,5,4,6,9,4,8,9,6,9,8,6,8,8,9,2,1,2,1,3,3,7,1,3,9,2,6,8
81:9,5,8,7,1,9,6,5,9,2,5,1,5,9,2,4,7,6,6,2,8,7,8,1,7,9,8,6,5,4
82:8,3,8,8,8,9,1,2,2,9,6,3,9,2,9,5,4,5,4,1,9,6,3,1,5,9,9,7,8,1
83:7,8,2,1,4,3,7,8,1,4,8,8,2,7,7,4,1,7,9,7,9,1,3,6,8,7,6,8,7,4
84:7,7,5,7,2,1,9,1,4,9,9,6,5,7,4,7,2,2,3,4,5,6,3,4,5,1,2,4,9,8
85:3,8,9,6,9,2,2,6,6,1,4,7,1,2,7,1,1,7,9,8,9,6,7,5,8,2,7,4,4,5
86:6,5,1,5,2,5,4,5,4,7,4,1,4,2,8,4,2,7,1,6,2,9,6,7,1,7,4,7,5,3
87:4,5,1,2,8,9,5,1,6,2,9,1,9,7,9,9,7,9,4,7,2,2,8,2,3,6,5,3,5,6
88:7,1,6,7,8,8,2,6,3,8,5,5,8,1,9,1,1,8,5,4,1,5,3,5,7,1,1,1,6,5
89:2,4,8,7,3,6,1,9,2,3,4,7,3,1,6,4,6,1,3,2,2,7,8,7,1,2,7,8,3,7
90:5,3,5,3,3,9,8,9,8,7,3,6,8,1,2,3,6,5,8,7,7,1,5,1,6,9,4,4,8,5
91:2,6,6,4,7,1,5,7,1,7,4,2,2,4,7,6,9,9,8,7,6,9,8,5,2,8,7,8,7,8
92:1,8,5,4,3,2,6,7,7,3,7,2,5,3,2,9,3,4,8,3,2,3,7,9,8,4,6,8,1,6
93:7,2,7,8,4,7,6,8,6,6,3,1,6,4,4,7,8,1,1,5,9,6,3,7,1,6,8,9,6,1
94:3,4,1,7,5,5,8,7,5,2,5,6,9,5,5,7,4,9,1,5,2,2,3,8,3,7,5,5,5,1
95:1,8,5,7,9,7,7,4,8,9,2,5,9,3,2,3,6,1,3,1,5,8,8,1,3,3,1,5,4,4
96:2,9,9,1,1,6,5,4,5,8,2,5,6,7,4,7,6,3,7,5,1,2,3,1,9,9,3,3,8,6
97:9,8,9,5,3,9,4,2,1,2,8,6,4,6,5,8,5,3,5,4,3,1,5,9,2,8,8,7,6,7
98:8,2,2,1,7,7,9,8,4,1,1,2,8,3,9,4,3,7,3,3,2,3,8,2,3,6,6,2,6,8
99:8,5,1,6,8,1,6,3,1,3,4,1,5,9,5,9,9,9,5,9,9,9,2,4,8,9,5,9,5,7
100:8,1,1,2,1,5,2,1,1,2,4,6,7,1,7,5,5,7,1,1,2,5,6,1,2,7,1,6,7,7