166142
185502
145766
118258
143614
117086
168229
167592
145195
122856
195227
184209
147766
137249
182125
192708
132701
166717
155727
168273
141463
183373
139452
103469
164305
114274
122581
123158
104584
143620
131484
149714
177413
195594
116639
158267
176771
179841
170042
137043
171348
165227
182924
164761
175768
109454
120168
187781
128558
156432
178016
144619
166553
136188
164956
147944
117871
187307
139596
129262
132394
153996
175136
198158
125768
138314
163149
111091
100909
103631
151556
143757
178658
136819
133088
146643
127723
151699
157738
188553
155642
139343
150340
127563
175662
121606
171725
105221
184852
189724
193977
149961
104102
195074
117717
183488
147041
114396
105391
198987