3544
4276
8440
9101
4535
5546
6465
3441
3048
6756
4058
9112
7559
7022
1264
2189
5327
1515
9656
3003
8826
1465
4855
6116
1891
5178
6201
9383
8355
9369
1765
1204
3929
1726
3828
2452
2509
8952
2887
4833
3160
5573
9778
7874
8185
5885
8504
5241
8464
3250
5570
5708
3125
7957
2931
6692
9534
7730
9988
7811
6900
4417
6946
1426
4531
2773
6643
3355
8280
8731
2956
5823
3315
7386
7657
7978
1016
8384
7467
2758
1026
5700
8966
6778
5113
6656
7882
9823
2390
7199
4624
2919
5790
3285
5040
7668
3402
6419
8859
7665
4618
4660
8729
8240
9574
5236
6388
1487
5203
5803
1139
3718
5761
2258
4436
2880
8583
9209
3960
2878
8764
3114
3713
4773
8869
1572
3050
8697
8922
2660
7523
1457
3097
7233
6493
1367
9099
5163
9011
4303
9824
4875
5316
1479
5717
5588
1293
8539
2600
4906
4447
6577
8623
8640
8009
3550
7834
4803
1838
1532
2093
1329
7173
5009
6156
8807
2905
2449
3387
2293
7569
8016
7679
5306
4443
3405
5221
4684
5425
4323
9216
8775
3343
2607
8220
4190
8475
1497
6841
3869
9548
4765
5819
6728
9836
6851
2857
7687
1443
7585