27378650
27065218
27264948
27503526
27084391
27012967
27575070
27447109
27883579
27982669
27420580
27863486
27869043
27948278
27405995
27470964
27587171
27156545
27380016
27192823
27102525
27819048
27192394
27929206
27541791
27488811
27375123
27285117
27124468
27581011
27986398
27274952
27927110
27766344
27711096
27826035
27113259
27184612
27655151
27156895
27080474
27971518
27072026
27352988
27008154
27547185
27190125
27298725
27275878
27602154
27294804
27443665
27979643
27685627
27910614
27147564
27215951
27270137
27206348
27449602
27123051
27639226
27331480
27539113
27361167
27838476
27004148
27724104
27772824
27910907
27733669
27179013
27173348
27876715
27718071
27036067
27190253
27771975
27126299
27144957
27415374
27589819
27683841
27578364
27862069
27725805
27193277
27185290
27923531
27227185
27220539
27983841
27079544
27808054
27754363
27575120
27013988
27188984
27723271
27404337
27970737
27020622
27241868
27842399
27528330
27432273
27218728
27457201
27446251
27729968
27029877
27175967
27080481
27770712
27647890
27560710
27861043
27735627
27317808
27234270
27098538
27579293
27677020
27076535
27198688
27676239
27559905
27500497
27284298
27712997
27847883
27124889
27063239
27115022
27139307
27063969
27462484
27820050
27174521
27415932
27457279
27953329
27318368
27675692
27321860
27638401
27111784
27324938
27633234
27502256
27811165
27274806
27903435
27891665
27572956
27427909
27252266
27128894
27031376
27896907
27321291
27064500
27237521
27408021
27805644
27428395
27935565
27671714
27194011
27229347
27940785
27732238
27897052
27062088
27774781
27176740
27835813
27850604
27141801
27757504
27398113
27239233
27864205
27894600
27872273
27636579
27625462
27774096
27548143
27303549
27428277
27019467
27530904
27139092
27983432
27174693
27784563
27923082
27330394
27360944
27431419
27378287
27111760
27656635
27940829
27022152
27180393
27921284
27422693
27579212
27061027
27279235
27465240
27191062
27204303
27025924
27669476
27018517
27415990
27986978
27105366
27095550
27050180
27582715
27984488
27180228
27166790
27177721
27006527
27936984
27671658
27215028
27468501
27289855
27380288
27254862
27227392
27468195
27329060
27166499
27749762
27290185
27046365
27858546
27428067
27068882
27653710
27382211
27668726
27526935
27137698
27100846
27559835
27533787
27579317
27619972
27499042
27610950
27290439
27805791
27270519
27886601
27844088
27024616
27139252
27067600
27876882
27403847
27961097
27185997
27723905
27917937
27534340
27323596
27812068
27166947
27377542
27683283
27725961
27423381
27079167
27110984
27492561
27227282
27122089
27807980
27883542
27897127
27805756
27238119
27768313
27548135
27813719
27665063
27122977
27572653
27153335
27543699
27644087
27969510
27567574
27560275
27183394
27146337
27600855
27686555
27505209
27765131
27430393
27506725
27665366
27016322
27360535
27769544
27579164
27978644
27357118
27766143
27673269
27861921
27870845
27218836
27546648
27334880
27823958
27437773
27666636
27821399
27007816
27064157
27083153
27474512
27566311
27255835
27106820
27190317
27031820
27531488
27801404
27251655
27656637
27678426
27291816
27070305
27069985
27911828
27083362
27435136
27111417
27844333
27925562
27315124
27144075
27631125
27188677
27512497
27368999
27151173
27599733
27585728
27814092
27690600
27066666
27557717
27430771
27349445
27353352
27715892
27531280
27907480
27308332
27789506
27470939
27615786
27131589
27975438
27469657
27249451
27413656
27394357
27260739
27907676
27510770
27126743
27464964
27434176
27833424
27204713
27687106
27483704
27671510
27317305
27451188
27224925
27599242
27827989
27017654
27258022
27884688
27562303
27477884
27089031
27214325
27876535
27117953
27985762
27970394
27458462
27916827
27502683
27715546
27564139
27837482
27240224
27271080
27906796
27268871
27807743
27755365
27756374
27684630
27296608
27478230
27438666
27879046
27860064
27615885
27505242
27115850
27272942
27165495
27199547
27507120
27268857
27783603
27612618
27947055
27747023
27262010
27788078
27791190
27065016
27204046
27937678
27074876
27720579
27673729
27049234
27412614
27896987
27250248
27863413
27048824
27679705
27717038
27067040
27528745
27575702
27477467
27717843
27521448
27410335
27663211
27453465
27374176
27758968
27734805
27399009
27825039
27469888
27915021
27568740
27184650
27921836
27415979
27518639
27994739
27781913
27379021
27132400
27417971
27666753
27616688
27782874
27782705
27347401
27067915
27834050
27651319
27885562
27535931
27450232
27122661
27748506
27773092
27956912
27689775
27265299
27480012
27058639