3619 3413
3535 3036
3835 2826
3770 3294
3582 2979
3773 3496
3568 2867
3851 3388
3650 3450
3537 3077
3590 3243
3688 3476
3638 2690
3945 2713
3794 3371
3973 3169
3919 2910
3937 2637
3524 2812
3902 2703
3807 2616
3655 3181
3643 2554
3615 2736
3997 3194
3908 2716
3653 2974
3921 3073
3932 2819
3700 3700
3680 2765
3656 2871
3676 3015
3527 3058
3981 2740
3986 3335
3809 2923
3963 2952
3731 2752
3978 3392
3644 2852
3953 2559
3687 2964
3625 2531
3614 3222
3750 3066
3686 2560
3685 3292
3890 3382
3633 2993
3748 3202
3584 2945
3588 2811
3903 2931
3728 3097
3508 2915
3873 2919
3950 3317
3700 3702
3965 2857
3842 2791
3658 3023
3510 3052
3679 2577
3988 2968
3575 3090
3844 2535
3977 2623
3747 3314
3632 3387
3543 3215
3798 3423
3914 2604
3970 3075
7202 3602
3939 3278
3623 2622
3827 2706
3940 3356
3916 3320
3647 3232
3700 2599
3532 3373
3881 2587
3703 2575
3944 3105
3569 3020
3910 2799
3942 3478
3838 2631
3911 3474
3706 2815
3517 3416
3867 2507
3512 2656
3612 2525
3651 3083
3622 2861
3756 2691
3576 2735
3701 3176
3949 3267
3843 2640
3791 3252
3698 2900
3722 3242
3929 3138
4000 3270
3996 2971
3609 3062
3802 3390
3803 3163
3664 3374
3552 3434
3577 3426
3787 2749
3641 3074
3785 2949
3779 2647
3782 2827
3531 2846
3546 3401
3521 3151
3717 2768
3600 2798
3884 2907
3885 3323
3765 2579
3606 2512
3737 3171
3983 2982
3831 3437
3845 2592
3804 3109
3792 3211
3899 3061
3518 3485
3856 2500
3862 2556
3579 2842
3860 3307
3661 3059
3626 3148
3852 2794
3962 2743
3538 2938
3618 2800
3646 2618
3926 2887
3788 3293
3781 3153
3961 3069
3886 2670
3545 3281
3716 2956
3624 2721
3539 3399
3955 3198
3514 2611
3551 3444
3768 3481
3813 2571
3777 2840
3993 3070
3714 3017
3764 3100
3694 3126
3555 2937
3985 3088
3972 2962
3967 3199
3529 3209
3558 2662
3704 2914
3734 2898
3745 3081
3542 2615
3596 2704
3501 3408
3654 3046
3583 3451
3889 3009
3947 2610
3696 3104
3607 2660
3547 3461
10 10
3906 2718
3927 2980
3652 2978
3759 2955
3559 2881
3775 3398
3742 3117
3767 3332
3888 3495
3905 2868
3689 2759
3923 2960
3976 1989
3540 2901
3877 2981
3705 3483
3922 2837
3657 3417
3868 3435
3630 2925
3511 2997
3828 3196
3833 2783
3958 3155
3690 2885
3525 2563
3818 2600
3825 3465
3836 2796
3715 2503
3790 2772
3591 3265
3668 2614
3859 3028
3976 3147
3695 2932
3774 3284
3879 3016
3629 3268
3812 3092
3795 3458
3928 3113
3692 2990
3772 3349
3846 3370
3864 2607
3909 3002
3769 2714
3587 3133
3897 3031
3941 3275
3665 2865
3878 2739
3617 2549
3857 2581
3874 2787
3667 3022
3901 2504
3959 2555
3907 3455
3853 3482
3691 3264
3869 3142
3830 2543
3594 2854
3637 2678
3528 3299
3659 2617
3837 3488
3839 3403
3677 3360
3746 2777
3823 3201
3548 2753
3814 3205
3880 3331
3984 3463
3707 3318
3683 3364
3744 3340
3800 3441
3832 3342
3776 3048
3871 3333
3561 3132
3891 3466
3635 3234
3789 2732
3875 2657
3980 2524
3780 3421
3826 3430
3599 3291
3751 2725
3810 2688
3595 2879
3821 3500
3893 3336
3592 3055
3854 2763
3642 2813
3699 2695
3567 3167
3613 2782
3673 2830
3741 3305
3523 3195
3968 3050
3990 2664
3560 3313
3604 3156
3917 2700
3580 3248
3640 2720
3815 3044
3610 3120
3861 2954
3930 2586
3649 3494
3816 3025
3822 2851
3847 3302
3565 2582
3670 2594
3887 2565
3943 2681
3710 3453
3865 2551
3556 3189
3952 2609
3505 3362
3808 2584
3863 3128
3957 3039
3752 2673
3840 3300
3753 3001
3964 3034
3620 2562
3718 3369
3562 2636
3786 3256
3960 2570
3522 2653
3726 2534
3834 3119
3771 2873
3549 2693
3855 3433
3605 3024
3991 3290
3757 3316
3700 3701
3858 3096
3725 2564
3675 3177
3749 2677
3732 3263
3755 3160
3570 3040
3895 2895
3882 3065
3730 2896
3502 3179
3571 3372
3811 2780
3631 3487
3848 2933
3934 3283
3974 2822
3758 2717
3935 3321
3796 2672
3995 3226
3931 2801
3693 2825
3648 3079
3806 3443
3883 3404
3872 3422
3564 3041
3663 3428
3797 3312
3720 2920
3684 3217
3711 2689
3506 3094
3799 3116
3593 3499
3566 3161
3585 3150
3850 3213
3671 2992
3824 2608
3760 2755
3933 2629
3681 2961
3621 2544
3507 3436
3766 3033
3841 2983
3601 2682
3951 2835
3536 3057
3966 2748
3743 2601
3912 3182
3634 3297
3956 2930
3870 2924
3516 2701
3754 2769
3892 3230
3904 3108
3763 3078
3801 2635
3709 3330
3636 3464
3603 2602
3708 3214
3989 2760
3740 3446
3662 3085
3994 3462
3979 2520
3602 2872
3526 3188
3534 3269
3572 3358
3849 3162
3669 2946
3509 2841
3503 2935
3954 3367
3597 3134
3784 2645
3936 2711
3574 3158
3793 2922
3948 3149
3616 2541
3541 3383
3736 3165
3761 2619
3563 2805
3550 2699
3702 3093
3672 2808
3876 3130
3530 3099
3719 2913
3660 2708
3729 2984
3513 2513
7198 3600
3627 3260
3682 2950
3894 2906
3992 2603
3739 2833
3674 2994
3913 3012
3519 2546
3820 3348
3666 2702
3971 2630
3628 3285
3553 2926
3533 3037
3598 3204
3829 3152
3611 3479
3581 2778
3778 3091
3520 3118
3805 2958
3727 3005
3900 3282
3918 2585
3866 2809
3608 2715
3762 2899
3924 2583
3721 2987
3998 2573
3735 3259
3938 3429
3697 3154
3738 2869
3504 3475
3783 3377
3678 2606
3589 3006
3898 2654
3586 3395
3515 3145
3896 2806
3982 3261
3724 2858
3733 3237
3975 3227
3544 2502
3915 2620
3819 3101
3969 3110
3925 2597
3713 2671
3723 2747
3639 2889
3712 3393
3999 3258
3987 3008
3946 2633
3578 3125
7200 3601