1006 1004 1007 1001
1002 1001 1004 1003
1009 8838 1005 1000
1000 1002 1001 1005
1002 4417 1008 1004
1006 1009 1004 1009
1003 1005 1009 3546
1003 1004 1009 1004
1002 1002 1005 1000
1006 3328 1002 1009
1008 1005 1007 1004
1003 1004 9808 1004
1008 5949 1004 1003
1005 1004 1009 1004
1006 1004 7471 1007
1001 1002 4265 1006
1002 1001 1001 1004
1003 1006 1007 1006
1009 1003 1002 1003
1001 1005 1005 1005
1008 1005 1008 1008
1004 1009 2638 1002
1009 1005 1003 1000
1003 1000 1001 1009
1002 1006 1000 1006
1005 1000 1006 1009
1004 1006 8833 1007
1006 1000 7215 1004
1002 1003 1000 1009
1007 1001 1000 1004
1005 1006 1009 1007
1003 2352 1006 1006
1005 1002 1000 1002
1000 3237 1006 1008
1007 1005 1007 1003
1000 1007 2566 1003
1007 1000 1008 1002
1001 1003 1004 1006
1002 1001 1006 1006
1002 1001 1009 1007
1000 1001 1009 1005
1001 1007 1005 1001
6488 1000 1007 1007
1004 1007 5018 6085
1004 1008 1000 1001
1005 1004 4433 7165
1006 1009 1002 1008
1002 1009 1001 1005
1007 1000 1000 1009
3227 1001 1002 1007