18 28 80 53
11 60 94 11
27 57 71 40
61 60 59 36
38 17 88 15
18 12 34 98
10 25 42 32
85 73 44 61
78 70 20 40
83 98 22 47
66 73 21 39
43 16 28 44
53 99 35 81
93 50 74 45
37 79 10 20
81 24 46 23
22 38 83 71
97 65 54 92
98 54 49 64
68 33 75 48
89 30 10 76
13 57 75 49
97 31 19 17
75 62 38 77
13 89 23 78
22 36 72 94
69 83 71 51
44 13 17 25
19 39 28 95
39 79 50 84
80 52 31 30
18 18 68 79
25 94 46 27
55 53 69 80
50 76 14 32
63 52 49 14
58 81 26 61
51 27 29 72
42 17 91 96
87 67 66 14
56 55 70 31
60 19 72 42
97 41 93 48
85 93 85 28
46 42 56 43
25 76 34 68
28 87 96 36
30 83 74 62
37 12 99 33
16 77 12 92
12 64 74 22
15 41 77 58
29 78 86 16
32 26 90 18
97 36 50 53
32 89 21 76
84 43 99 99
89 95 82 57
24 26 59 69
92 15 86 57
33 43 37 93
80 16 20 19
30 45 40 41
22 26 75 12
11 69 86 65
10 60 13 91
13 61 85 91
31 68 82 11
24 23 66 51
29 47 90 65
46 94 27 42
86 88 35 34
55 58 47 59
95 62 35 44
15 39 41 58
52 90 95 33
88 48 79 87
29 34 48 84
24 81 67 66
17 56 92 78
82 70 65 87
67 38 72 74
59 45 35 64
31 11 21 46
36 45 35 55
54 30 21 64
39 62 43 14
14 29 32 45
27 73 96 63
56 23 63 15
52 25 90 33
20 82 63 98
26 67 37 84
49 40 54 51
34 88 91 24
96 19 70 73
44 47 77 41
40 16 38 20
37 21 71 23