11888179286
20201729226
34998923050
36876854847
44737047048
45949544669
46200169086
78386754294
84253764964
84689516348
89923293644
210372979674
251226935066
258604720442
411185780165
540867406513
853940386999
1288986684662
1345782175055
1407133209283
1410124254671
1483888591432
1529353736569
1567750079210
1723734777330
1749186652428
1779631766030
1828603089963
1847784577655
1930273445700
2334423090167
2414513372053
2444646285090
2497779146410
2571724177262
2613723935479
2660980315900
2860288598590
3167555841862
3335686907705
3714711070098
3716314559629
3934116606700
4344299350001
4362803286290
4408872872370
4568498916097
4597118104578
4672803581773
4766152612337
4994129099002
5174293685303
5176340976474
5196829047567
5229670804339
5478350342340
5502115580655
5516294490445
5676338323308
5881902693305
5949743999518
6112874977764
6246035374973
6279982041306
6482889611635
6483344531711
6506497029042
6539754080645
6612195891071
6649622067856
6669736597870
6796105509663
6837272188597
7053590776045
7064981393749
7149777323456
7149873256897
7169074186677
7211494866435
7443180672500
7613255823303
7672384112527
7867591196532
7889477041199
8201084812194
8232731034727
8356847114723
8403889976803
9070766085493
9075850921651
9131694510142
9143545202366
9243150600220
9286135175972
9291275436254
9562371360859
9771022624818
9848973503730
9884218155473
9947704697066